第一題

一、
7 6
20 15 10 15 25 20 15
15 25 10 20 15 20
0 0

二、
7 5
10 20 25 15 15 10 10
10 25 10 15 10
0 0

三、
8 9
10 20 20 10 20 10 20 10
20 10 20 10 10 20 10 10 20
0 0

四、
10 15
5 5 5 10 10 5 10 20 25 10
5 10 20 20 10 20 4 20 17 10 10 15 20 15 20
0 0

五、
3 4
10 10 20 15
10 10 20 15
3 4 
10 10 20
10 10 20 15
0 0


第二題

一、
1000
20
50 60
50 60
50 60
50 60
50 60
50 60
50 60
50 60
50 60
50 60
50 60
50 60
50 60
50 60
50 60
50 60
50 60
50 60
50 60
50 60

二、
20
3
12 8
9 18
21 99999

三、
100
2
101 3
102 4


四、
27
6
5 20
5 20
5 20
5 20
4 15
4 15

五、
100
3
80 80
60 60
30 30


第三題

一、
6
a 45
b 13
c 12
d 16
e 9
f 5
0

二、
6
A 2
B 6
C 15
D 12
E 8
F 3
0

三、
6
w 5
h 12
i 19
t 33
e 40
d 41
0

第四題

一、
7
12
1
1 3 1
1 4 6
2 1 1
2 4 1
3 4 5
3 6 1
5 2 1
5 4 2
6 4 4
6 7 1
7 4 3
7 5 1
0

二、
4
5
1
1 2 8
1 3 2
3 2 3
3 4 1
4 2 1
0

三、
5
8
3
1 2 2
2 3 2
3 1 3
3 5 3
4 1 4
4 2 1
4 3 2
5 4 6
0

四、
5
8
3
1 2 4
2 3 2
3 1 3
3 5 3
4 1 4
4 2 1
4 3 2
5 4 6
0

五、
14
40
14
1 4 3
1 5 4
1 6 3
1 7 4
1 8 3
1 9 4
1 10 3
2 4 1
2 5 3
2 6 5
2 7 6
2 8 7
2 9 4
2 10 3
3 4 2
3 5 2
3 6 2
3 7 2
3 8 2
3 9 2
3 10 2
4 11 6
4 12 7
5 11 1
5 12 6
6 11 2
6 12 4
7 11 7
7 12 4
8 11 6
8 12 2
9 11 10
9 12 2
10 11 3
10 12 1
11 13 3
12 13 8
14 1 1
14 2 2
14 3 3
0

第五題

一、
b2 c3
a1 b2
a1 h8
0 0


二、
b7 g3
c2 h2
a1 d1
0 0

三、
c1 d2
b2 g1
e1 d7
f7 b7
d8 d1
d1 f5
c1 e5
0 0

四、
e3 e3
e7 d8
c1 g7
d1 h8
f4 a1
h2 e7
0 0

五、
b7 d8
g4 h7
d2 b7
g6 g7
a2 a3
0 0

